INPUT:
No input required

OUTPUT:
######## Initial Board #########                                                                                                                
0 0 0 0 0 0 0 0                                                                                                                                 
0 0 0 0 0 0 0 0                                                                                                                                 
0 0 0 0 0 0 0 0                                                                                                                                 
0 0 0 0 0 0 0 0                                                                                                                                 
0 0 0 0 0 0 0 0                                                                                                                                 
0 0 0 0 0 0 0 0                                                                                                                                 
0 0 0 0 0 0 0 0                                                                                                                                 
0 0 0 0 0 0 0 0                                                                                                                                 
################################                                                                                                                
                                                                                                                                                
######### Final Board ##########                                                                                                                
1 0 0 0 0 0 0 0                                                                                                                                 
0 0 0 0 1 0 0 0                                                                                                                                 
0 0 0 0 0 0 0 1                                                                                                                                 
0 0 0 0 0 1 0 0                                                                                                                                 
0 0 1 0 0 0 0 0                                                                                                                                 
0 0 0 0 0 0 1 0                                                                                                                                 
0 1 0 0 0 0 0 0                                                                                                                                 
0 0 0 1 0 0 0 0                                                                                                                                 
################################
